"TTID","ID","Site","UnitID","StartingAddress","Size","CombinedHex","DecodedValue"
1,"Device Type","192.168.12.73",1,0,8,"'00",""
1,"Last Reported","192.168.12.73",1,8,4,"'0000000000000000","0"
1,"Model Number","192.168.12.73",1,12,8,"'00",""
1,"HW Rev","192.168.12.73",1,20,8,"'4E6F6E65000000000000000000000000","None"
1,"FW Rev","192.168.12.73",1,28,8,"'00",""
1,"Uptime","192.168.12.73",1,36,2,"'00000000",0
1,"SNAP Addr","192.168.12.73",1,38,2,"'00","0x00"
1,"RSSI","192.168.12.73",1,40,1,"'0000",0
1,"Has WX Sensor","192.168.12.73",1,41,1,"'0000",0
1,"Has Tracker HW","192.168.12.73",1,42,1,"'0000",0
1,"Location Text","192.168.12.73",1,43,16,"'00",""
1,"Latitude","192.168.12.73",1,59,2,"'00000000",0
1,"Longitude","192.168.12.73",1,61,2,"'00000000",0
1,"Config Flags","192.168.12.73",1,63,2,"'00000000",0
1,"Battery Voltage","192.168.12.73",1,65,2,"'00000000",0
1,"Battery Current","192.168.12.73",1,67,2,"'00000000",0
1,"Battery Charged","192.168.12.73",1,69,1,"'0000",0
1,"Battery Health","192.168.12.73",1,70,1,"'0000",0
1,"Charger Voltage","192.168.12.73",1,71,2,"'00000000",0
1,"Charger Current","192.168.12.73",1,73,2,"'00000000",0
1,"Solar Voltage","192.168.12.73",1,75,2,"'00000000",0
1,"Solar Current","192.168.12.73",1,77,2,"'00000000",0
1,"Controller Status","192.168.12.73",1,79,2,"'00000000",0
1,"Tracking Status","192.168.12.73",1,81,1,"'0000",0
1,"Current Angle","192.168.12.73",1,82,2,"'00000000",0
1,"Requested Angle","192.168.12.73",1,84,2,"'00000000",0
1,"Motor Power (Prev Hr)","192.168.12.73",1,86,2,"'00000000",0
1,"Angular Error (Prev Hr)","192.168.12.73",1,88,2,"'00000000",0
1,"Wind Speed","192.168.12.73",1,90,2,"'00000000",0
1,"Wind Direction","192.168.12.73",1,92,2,"'00000000",0
1,"Avg Wind Speed","192.168.12.73",1,94,2,"'00000000",0
1,"Peak Wind Speed","192.168.12.73",1,96,2,"'00000000",0
1,"Snow Temp","192.168.12.73",1,98,2,"'00000000",0
1,"Snow Distance","192.168.12.73",1,100,2,"'00000000",0
1,"Snow Depth","192.168.12.73",1,102,2,"'00000000",0
1,"Row Locked","192.168.12.73",1,104,1,"'0000",0
2,"Device Type","192.168.12.73",1,512,8,"'00",""
2,"Last Reported","192.168.12.73",1,520,4,"'0000000000000000","0"
2,"Model Number","192.168.12.73",1,524,8,"'00",""
2,"HW Rev","192.168.12.73",1,532,8,"'4E6F6E65000000000000000000000000","None"
2,"FW Rev","192.168.12.73",1,540,8,"'00",""
2,"Uptime","192.168.12.73",1,548,2,"'00000000",0
2,"SNAP Addr","192.168.12.73",1,550,2,"'00","0x00"
2,"RSSI","192.168.12.73",1,552,1,"'0000",0
2,"Has WX Sensor","192.168.12.73",1,553,1,"'0000",0
2,"Has Tracker HW","192.168.12.73",1,554,1,"'0000",0
2,"Location Text","192.168.12.73",1,555,16,"'00",""
2,"Latitude","192.168.12.73",1,571,2,"'00000000",0
2,"Longitude","192.168.12.73",1,573,2,"'00000000",0
2,"Config Flags","192.168.12.73",1,575,2,"'00000000",0
2,"Battery Voltage","192.168.12.73",1,577,2,"'00000000",0
2,"Battery Current","192.168.12.73",1,579,2,"'00000000",0
2,"Battery Charged","192.168.12.73",1,581,1,"'0000",0
2,"Battery Health","192.168.12.73",1,582,1,"'0000",0
2,"Charger Voltage","192.168.12.73",1,583,2,"'00000000",0
2,"Charger Current","192.168.12.73",1,585,2,"'00000000",0
2,"Solar Voltage","192.168.12.73",1,587,2,"'00000000",0
2,"Solar Current","192.168.12.73",1,589,2,"'00000000",0
2,"Controller Status","192.168.12.73",1,591,2,"'00000000",0
2,"Tracking Status","192.168.12.73",1,593,1,"'0000",0
2,"Current Angle","192.168.12.73",1,594,2,"'00000000",0
2,"Requested Angle","192.168.12.73",1,596,2,"'00000000",0
2,"Motor Power (Prev Hr)","192.168.12.73",1,598,2,"'00000000",0
2,"Angular Error (Prev Hr)","192.168.12.73",1,600,2,"'00000000",0
2,"Wind Speed","192.168.12.73",1,602,2,"'00000000",0
2,"Wind Direction","192.168.12.73",1,604,2,"'00000000",0
2,"Avg Wind Speed","192.168.12.73",1,606,2,"'00000000",0
2,"Peak Wind Speed","192.168.12.73",1,608,2,"'00000000",0
2,"Snow Temp","192.168.12.73",1,610,2,"'00000000",0
2,"Snow Distance","192.168.12.73",1,612,2,"'00000000",0
2,"Snow Depth","192.168.12.73",1,614,2,"'00000000",0
2,"Row Locked","192.168.12.73",1,616,1,"'0000",0
3,"Device Type","192.168.12.73",1,1024,8,"'00",""
3,"Last Reported","192.168.12.73",1,1032,4,"'0000000000000000","0"
3,"Model Number","192.168.12.73",1,1036,8,"'00",""
3,"HW Rev","192.168.12.73",1,1044,8,"'4E6F6E65000000000000000000000000","None"
3,"FW Rev","192.168.12.73",1,1052,8,"'00",""
3,"Uptime","192.168.12.73",1,1060,2,"'00000000",0
3,"SNAP Addr","192.168.12.73",1,1062,2,"'00","0x00"
3,"RSSI","192.168.12.73",1,1064,1,"'0000",0
3,"Has WX Sensor","192.168.12.73",1,1065,1,"'0000",0
3,"Has Tracker HW","192.168.12.73",1,1066,1,"'0000",0
3,"Location Text","192.168.12.73",1,1067,16,"'00",""
3,"Latitude","192.168.12.73",1,1083,2,"'00000000",0
3,"Longitude","192.168.12.73",1,1085,2,"'00000000",0
3,"Config Flags","192.168.12.73",1,1087,2,"'00000000",0
3,"Battery Voltage","192.168.12.73",1,1089,2,"'00000000",0
3,"Battery Current","192.168.12.73",1,1091,2,"'00000000",0
3,"Battery Charged","192.168.12.73",1,1093,1,"'0000",0
3,"Battery Health","192.168.12.73",1,1094,1,"'0000",0
3,"Charger Voltage","192.168.12.73",1,1095,2,"'00000000",0
3,"Charger Current","192.168.12.73",1,1097,2,"'00000000",0
3,"Solar Voltage","192.168.12.73",1,1099,2,"'00000000",0
3,"Solar Current","192.168.12.73",1,1101,2,"'00000000",0
3,"Controller Status","192.168.12.73",1,1103,2,"'00000000",0
3,"Tracking Status","192.168.12.73",1,1105,1,"'0000",0
3,"Current Angle","192.168.12.73",1,1106,2,"'00000000",0
3,"Requested Angle","192.168.12.73",1,1108,2,"'00000000",0
3,"Motor Power (Prev Hr)","192.168.12.73",1,1110,2,"'00000000",0
3,"Angular Error (Prev Hr)","192.168.12.73",1,1112,2,"'00000000",0
3,"Wind Speed","192.168.12.73",1,1114,2,"'00000000",0
3,"Wind Direction","192.168.12.73",1,1116,2,"'00000000",0
3,"Avg Wind Speed","192.168.12.73",1,1118,2,"'00000000",0
3,"Peak Wind Speed","192.168.12.73",1,1120,2,"'00000000",0
3,"Snow Temp","192.168.12.73",1,1122,2,"'00000000",0
3,"Snow Distance","192.168.12.73",1,1124,2,"'00000000",0
3,"Snow Depth","192.168.12.73",1,1126,2,"'00000000",0
3,"Row Locked","192.168.12.73",1,1128,1,"'0000",0
575,"Device Type","192.168.12.73",6,37888,8,"'00",""
575,"Last Reported","192.168.12.73",6,37896,4,"'0000000000000000","0"
575,"Model Number","192.168.12.73",6,37900,8,"'00",""
575,"HW Rev","192.168.12.73",6,37908,8,"'4E6F6E65000000000000000000000000","None"
575,"FW Rev","192.168.12.73",6,37916,8,"'00",""
575,"Uptime","192.168.12.73",6,37924,2,"'00000000",0
575,"SNAP Addr","192.168.12.73",6,37926,2,"'00","0x00"
575,"RSSI","192.168.12.73",6,37928,1,"'0000",0
575,"Has WX Sensor","192.168.12.73",6,37929,1,"'0000",0
575,"Has Tracker HW","192.168.12.73",6,37930,1,"'0000",0
575,"Location Text","192.168.12.73",6,37931,16,"'00",""
575,"Latitude","192.168.12.73",6,37947,2,"'00000000",0
575,"Longitude","192.168.12.73",6,37949,2,"'00000000",0
575,"Config Flags","192.168.12.73",6,37951,2,"'00000000",0
575,"Battery Voltage","192.168.12.73",6,37953,2,"'00000000",0
575,"Battery Current","192.168.12.73",6,37955,2,"'00000000",0
575,"Battery Charged","192.168.12.73",6,37957,1,"'0000",0
575,"Battery Health","192.168.12.73",6,37958,1,"'0000",0
575,"Charger Voltage","192.168.12.73",6,37959,2,"'00000000",0
575,"Charger Current","192.168.12.73",6,37961,2,"'00000000",0
575,"Solar Voltage","192.168.12.73",6,37963,2,"'00000000",0
575,"Solar Current","192.168.12.73",6,37965,2,"'00000000",0
575,"Controller Status","192.168.12.73",6,37967,2,"'00000000",0
575,"Tracking Status","192.168.12.73",6,37969,1,"'0000",0
575,"Current Angle","192.168.12.73",6,37970,2,"'00000000",0
575,"Requested Angle","192.168.12.73",6,37972,2,"'00000000",0
575,"Motor Power (Prev Hr)","192.168.12.73",6,37974,2,"'00000000",0
575,"Angular Error (Prev Hr)","192.168.12.73",6,37976,2,"'00000000",0
575,"Wind Speed","192.168.12.73",6,37978,2,"'00000000",0
575,"Wind Direction","192.168.12.73",6,37980,2,"'00000000",0
575,"Avg Wind Speed","192.168.12.73",6,37982,2,"'00000000",0
575,"Peak Wind Speed","192.168.12.73",6,37984,2,"'00000000",0
575,"Snow Temp","192.168.12.73",6,37986,2,"'00000000",0
575,"Snow Distance","192.168.12.73",6,37988,2,"'00000000",0
575,"Snow Depth","192.168.12.73",6,37990,2,"'00000000",0
575,"Row Locked","192.168.12.73",6,37992,1,"'0000",0
576,"Device Type","192.168.12.73",6,38400,8,"'547261636B6572000000000000000000","Tracker"
576,"Last Reported","192.168.12.73",6,38408,4,"'00000000689C92F3","1755091699"
576,"Model Number","192.168.12.73",6,38412,8,"'5454432D330000000000000000000000","TTC-3"
576,"HW Rev","192.168.12.73",6,38420,8,"'33000000000000000000000000000000","3"
576,"FW Rev","192.168.12.73",6,38428,8,"'382E3400000000000000000000000000","8.4"
576,"Uptime","192.168.12.73",6,38436,2,"'000946B8",607928
576,"SNAP Addr","192.168.12.73",6,38438,2,"'1BEBE7","0x1BEBE7"
576,"RSSI","192.168.12.73",6,38440,1,"'000D",13
576,"Has WX Sensor","192.168.12.73",6,38441,1,"'0000",0
576,"Has Tracker HW","192.168.12.73",6,38442,1,"'0001",1
576,"Location Text","192.168.12.73",6,38443,16,"'3537360000000000000000000000000000000000000000000000000000000000","576"
576,"Latitude","192.168.12.73",6,38459,2,"'4206AD7B",33.66941452026367
576,"Longitude","192.168.12.73",6,38461,2,"'429216F4",73.04483032226562
576,"Config Flags","192.168.12.73",6,38463,2,"'000000C5",197
576,"Battery Voltage","192.168.12.73",6,38465,2,"'4151999A",13.100000381469727
576,"Battery Current","192.168.12.73",6,38467,2,"'3D4CCCCD",0.05000000074505806
576,"Battery Charged","192.168.12.73",6,38469,1,"'005D",93
576,"Battery Health","192.168.12.73",6,38470,1,"'0064",100
576,"Charger Voltage","192.168.12.73",6,38471,2,"'00000000",0
576,"Charger Current","192.168.12.73",6,38473,2,"'00000000",0
576,"Solar Voltage","192.168.12.73",6,38475,2,"'00000000",0
576,"Solar Current","192.168.12.73",6,38477,2,"'00000000",0
576,"Controller Status","192.168.12.73",6,38479,2,"'0000000C",12
576,"Tracking Status","192.168.12.73",6,38481,1,"'0000",0
576,"Current Angle","192.168.12.73",6,38482,2,"'BF99999A",-1.2000000476837158
576,"Requested Angle","192.168.12.73",6,38484,2,"'406CCCCD",3.700000047683716
576,"Motor Power (Prev Hr)","192.168.12.73",6,38486,2,"'00000000",0
576,"Angular Error (Prev Hr)","192.168.12.73",6,38488,2,"'C099999A",-4.800000190734863
576,"Wind Speed","192.168.12.73",6,38490,2,"'00000000",0
576,"Wind Direction","192.168.12.73",6,38492,2,"'00000000",0
576,"Avg Wind Speed","192.168.12.73",6,38494,2,"'00000000",0
576,"Peak Wind Speed","192.168.12.73",6,38496,2,"'00000000",0
576,"Snow Temp","192.168.12.73",6,38498,2,"'00000000",0
576,"Snow Distance","192.168.12.73",6,38500,2,"'00000000",0
576,"Snow Depth","192.168.12.73",6,38502,2,"'00000000",0
576,"Row Locked","192.168.12.73",6,38504,1,"'0001",1
577,"Device Type","192.168.12.73",6,38912,8,"'00",""
577,"Last Reported","192.168.12.73",6,38920,4,"'0000000000000000","0"
577,"Model Number","192.168.12.73",6,38924,8,"'00",""
577,"HW Rev","192.168.12.73",6,38932,8,"'4E6F6E65000000000000000000000000","None"
577,"FW Rev","192.168.12.73",6,38940,8,"'00",""
577,"Uptime","192.168.12.73",6,38948,2,"'00000000",0
577,"SNAP Addr","192.168.12.73",6,38950,2,"'00","0x00"
577,"RSSI","192.168.12.73",6,38952,1,"'0000",0
577,"Has WX Sensor","192.168.12.73",6,38953,1,"'0000",0
577,"Has Tracker HW","192.168.12.73",6,38954,1,"'0000",0
577,"Location Text","192.168.12.73",6,38955,16,"'00",""
577,"Latitude","192.168.12.73",6,38971,2,"'00000000",0
577,"Longitude","192.168.12.73",6,38973,2,"'00000000",0
577,"Config Flags","192.168.12.73",6,38975,2,"'00000000",0
577,"Battery Voltage","192.168.12.73",6,38977,2,"'00000000",0
577,"Battery Current","192.168.12.73",6,38979,2,"'00000000",0
577,"Battery Charged","192.168.12.73",6,38981,1,"'0000",0
577,"Battery Health","192.168.12.73",6,38982,1,"'0000",0
577,"Charger Voltage","192.168.12.73",6,38983,2,"'00000000",0
577,"Charger Current","192.168.12.73",6,38985,2,"'00000000",0
577,"Solar Voltage","192.168.12.73",6,38987,2,"'00000000",0
577,"Solar Current","192.168.12.73",6,38989,2,"'00000000",0
577,"Controller Status","192.168.12.73",6,38991,2,"'00000000",0
577,"Tracking Status","192.168.12.73",6,38993,1,"'0000",0
577,"Current Angle","192.168.12.73",6,38994,2,"'00000000",0
577,"Requested Angle","192.168.12.73",6,38996,2,"'00000000",0
577,"Motor Power (Prev Hr)","192.168.12.73",6,38998,2,"'00000000",0
577,"Angular Error (Prev Hr)","192.168.12.73",6,39000,2,"'00000000",0
577,"Wind Speed","192.168.12.73",6,39002,2,"'00000000",0
577,"Wind Direction","192.168.12.73",6,39004,2,"'00000000",0
577,"Avg Wind Speed","192.168.12.73",6,39006,2,"'00000000",0
577,"Peak Wind Speed","192.168.12.73",6,39008,2,"'00000000",0
577,"Snow Temp","192.168.12.73",6,39010,2,"'00000000",0
577,"Snow Distance","192.168.12.73",6,39012,2,"'00000000",0
577,"Snow Depth","192.168.12.73",6,39014,2,"'00000000",0
577,"Row Locked","192.168.12.73",6,39016,1,"'0000",0
599,"Device Type","192.168.12.73",6,50176,8,"'00",""
599,"Last Reported","192.168.12.73",6,50184,4,"'0000000000000000","0"
599,"Model Number","192.168.12.73",6,50188,8,"'00",""
599,"HW Rev","192.168.12.73",6,50196,8,"'4E6F6E65000000000000000000000000","None"
599,"FW Rev","192.168.12.73",6,50204,8,"'00",""
599,"Uptime","192.168.12.73",6,50212,2,"'00000000",0
599,"SNAP Addr","192.168.12.73",6,50214,2,"'00","0x00"
599,"RSSI","192.168.12.73",6,50216,1,"'0000",0
599,"Has WX Sensor","192.168.12.73",6,50217,1,"'0000",0
599,"Has Tracker HW","192.168.12.73",6,50218,1,"'0000",0
599,"Location Text","192.168.12.73",6,50219,16,"'00",""
599,"Latitude","192.168.12.73",6,50235,2,"'00000000",0
599,"Longitude","192.168.12.73",6,50237,2,"'00000000",0
599,"Config Flags","192.168.12.73",6,50239,2,"'00000000",0
599,"Battery Voltage","192.168.12.73",6,50241,2,"'00000000",0
599,"Battery Current","192.168.12.73",6,50243,2,"'00000000",0
599,"Battery Charged","192.168.12.73",6,50245,1,"'0000",0
599,"Battery Health","192.168.12.73",6,50246,1,"'0000",0
599,"Charger Voltage","192.168.12.73",6,50247,2,"'00000000",0
599,"Charger Current","192.168.12.73",6,50249,2,"'00000000",0
599,"Solar Voltage","192.168.12.73",6,50251,2,"'00000000",0
599,"Solar Current","192.168.12.73",6,50253,2,"'00000000",0
599,"Controller Status","192.168.12.73",6,50255,2,"'00000000",0
599,"Tracking Status","192.168.12.73",6,50257,1,"'0000",0
599,"Current Angle","192.168.12.73",6,50258,2,"'00000000",0
599,"Requested Angle","192.168.12.73",6,50260,2,"'00000000",0
599,"Motor Power (Prev Hr)","192.168.12.73",6,50262,2,"'00000000",0
599,"Angular Error (Prev Hr)","192.168.12.73",6,50264,2,"'00000000",0
599,"Wind Speed","192.168.12.73",6,50266,2,"'00000000",0
599,"Wind Direction","192.168.12.73",6,50268,2,"'00000000",0
599,"Avg Wind Speed","192.168.12.73",6,50270,2,"'00000000",0
599,"Peak Wind Speed","192.168.12.73",6,50272,2,"'00000000",0
599,"Snow Temp","192.168.12.73",6,50274,2,"'00000000",0
599,"Snow Distance","192.168.12.73",6,50276,2,"'00000000",0
599,"Snow Depth","192.168.12.73",6,50278,2,"'00000000",0
599,"Row Locked","192.168.12.73",6,50280,1,"'0000",0
600,"Device Type","192.168.12.73",6,50688,8,"'547261636B6572000000000000000000","Tracker"
600,"Last Reported","192.168.12.73",6,50696,4,"'00000000689C92F8","1755091704"
600,"Model Number","192.168.12.73",6,50700,8,"'5454432D322B57580000000000000000","TTC-2+WX"
600,"HW Rev","192.168.12.73",6,50708,8,"'33000000000000000000000000000000","3"
600,"FW Rev","192.168.12.73",6,50716,8,"'382E3400000000000000000000000000","8.4"
600,"Uptime","192.168.12.73",6,50724,2,"'000947AD",608173
600,"SNAP Addr","192.168.12.73",6,50726,2,"'13B4B8","0x13B4B8"
600,"RSSI","192.168.12.73",6,50728,1,"'0034",52
600,"Has WX Sensor","192.168.12.73",6,50729,1,"'0001",1
600,"Has Tracker HW","192.168.12.73",6,50730,1,"'0001",1
600,"Location Text","192.168.12.73",6,50731,16,"'3630300000000000000000000000000000000000000000000000000000000000","600"
600,"Latitude","192.168.12.73",6,50747,2,"'4206AD7B",33.66941452026367
600,"Longitude","192.168.12.73",6,50749,2,"'429216F4",73.04483032226562
600,"Config Flags","192.168.12.73",6,50751,2,"'000000C5",197
600,"Battery Voltage","192.168.12.73",6,50753,2,"'41580000",13.5
600,"Battery Current","192.168.12.73",6,50755,2,"'3CA3D70A",0.019999999552965164
600,"Battery Charged","192.168.12.73",6,50757,1,"'0064",100
600,"Battery Health","192.168.12.73",6,50758,1,"'0064",100
600,"Charger Voltage","192.168.12.73",6,50759,2,"'00000000",0
600,"Charger Current","192.168.12.73",6,50761,2,"'00000000",0
600,"Solar Voltage","192.168.12.73",6,50763,2,"'418F3333",17.899999618530273
600,"Solar Current","192.168.12.73",6,50765,2,"'3CF5C28F",0.029999999329447746
600,"Controller Status","192.168.12.73",6,50767,2,"'00000000",0
600,"Tracking Status","192.168.12.73",6,50769,1,"'0000",0
600,"Current Angle","192.168.12.73",6,50770,2,"'BF333333",-0.699999988079071
600,"Requested Angle","192.168.12.73",6,50772,2,"'00000000",0
600,"Motor Power (Prev Hr)","192.168.12.73",6,50774,2,"'00000000",0
600,"Angular Error (Prev Hr)","192.168.12.73",6,50776,2,"'C18B3333",-17.399999618530273
600,"Wind Speed","192.168.12.73",6,50778,2,"'00000000",0
600,"Wind Direction","192.168.12.73",6,50780,2,"'00000000",0
600,"Avg Wind Speed","192.168.12.73",6,50782,2,"'00000000",0
600,"Peak Wind Speed","192.168.12.73",6,50784,2,"'00000000",0
600,"Snow Temp","192.168.12.73",6,50786,2,"'00000000",0
600,"Snow Distance","192.168.12.73",6,50788,2,"'00000000",0
600,"Snow Depth","192.168.12.73",6,50790,2,"'00000000",0
600,"Row Locked","192.168.12.73",6,50792,1,"'0000",0
601,"Device Type","192.168.12.73",7,0,8,"'00",""
601,"Last Reported","192.168.12.73",7,8,4,"'0000000000000000","0"
601,"Model Number","192.168.12.73",7,12,8,"'00",""
601,"HW Rev","192.168.12.73",7,20,8,"'4E6F6E65000000000000000000000000","None"
601,"FW Rev","192.168.12.73",7,28,8,"'00",""
601,"Uptime","192.168.12.73",7,36,2,"'00000000",0
601,"SNAP Addr","192.168.12.73",7,38,2,"'00","0x00"
601,"RSSI","192.168.12.73",7,40,1,"'0000",0
601,"Has WX Sensor","192.168.12.73",7,41,1,"'0000",0
601,"Has Tracker HW","192.168.12.73",7,42,1,"'0000",0
601,"Location Text","192.168.12.73",7,43,16,"'00",""
601,"Latitude","192.168.12.73",7,59,2,"'00000000",0
601,"Longitude","192.168.12.73",7,61,2,"'00000000",0
601,"Config Flags","192.168.12.73",7,63,2,"'00000000",0
601,"Battery Voltage","192.168.12.73",7,65,2,"'00000000",0
601,"Battery Current","192.168.12.73",7,67,2,"'00000000",0
601,"Battery Charged","192.168.12.73",7,69,1,"'0000",0
601,"Battery Health","192.168.12.73",7,70,1,"'0000",0
601,"Charger Voltage","192.168.12.73",7,71,2,"'00000000",0
601,"Charger Current","192.168.12.73",7,73,2,"'00000000",0
601,"Solar Voltage","192.168.12.73",7,75,2,"'00000000",0
601,"Solar Current","192.168.12.73",7,77,2,"'00000000",0
601,"Controller Status","192.168.12.73",7,79,2,"'00000000",0
601,"Tracking Status","192.168.12.73",7,81,1,"'0000",0
601,"Current Angle","192.168.12.73",7,82,2,"'00000000",0
601,"Requested Angle","192.168.12.73",7,84,2,"'00000000",0
601,"Motor Power (Prev Hr)","192.168.12.73",7,86,2,"'00000000",0
601,"Angular Error (Prev Hr)","192.168.12.73",7,88,2,"'00000000",0
601,"Wind Speed","192.168.12.73",7,90,2,"'00000000",0
601,"Wind Direction","192.168.12.73",7,92,2,"'00000000",0
601,"Avg Wind Speed","192.168.12.73",7,94,2,"'00000000",0
601,"Peak Wind Speed","192.168.12.73",7,96,2,"'00000000",0
601,"Snow Temp","192.168.12.73",7,98,2,"'00000000",0
601,"Snow Distance","192.168.12.73",7,100,2,"'00000000",0
601,"Snow Depth","192.168.12.73",7,102,2,"'00000000",0
601,"Row Locked","192.168.12.73",7,104,1,"'0000",0